100 527
0 12
0 20
0 32
1 40
1 45
1 50
1 59
2 1
2 15
2 28
2 55
2 94
2 96
3 1
3 15
3 26
3 52
3 70
3 75
3 80
4 8
4 39
4 40
5 10
5 13
5 51
5 55
5 62
5 80
6 12
6 17
6 37
6 46
6 56
6 68
6 80
6 83
6 84
6 87
7 10
7 11
7 22
7 34
7 90
7 92
8 2
8 5
8 12
8 14
8 28
8 43
8 44
8 51
8 52
8 66
8 73
9 21
9 36
9 43
9 54
9 62
9 91
9 94
10 20
10 51
11 38
11 39
11 40
11 77
11 93
12 4
12 16
12 30
12 31
12 57
12 67
12 89
12 95
13 6
13 19
13 71
13 82
13 85
14 2
14 33
14 64
15 27
15 53
15 73
15 86
15 97
16 13
16 23
16 65
16 72
16 94
17 44
17 47
17 50
17 60
17 77
18 9
18 14
18 28
18 40
18 48
19 39
19 80
19 93
19 95
20 23
20 28
20 39
20 47
20 74
20 80
20 91
21 8
21 52
21 67
21 69
22 8
22 11
22 31
22 87
22 89
22 94
23 0
23 4
23 37
23 45
23 56
23 61
24 3
24 28
24 45
24 80
24 90
25 22
25 30
25 46
25 76
25 93
26 19
26 28
26 31
26 33
26 61
26 70
27 17
27 21
27 22
27 56
27 67
28 4
28 18
28 21
28 35
28 97
28 98
29 5
29 9
29 11
29 27
29 46
29 50
29 51
29 54
30 4
30 13
30 43
30 49
30 56
31 2
31 9
31 56
31 58
31 75
31 81
31 84
31 85
31 88
32 4
32 6
32 29
32 74
32 77
33 8
33 22
33 26
33 78
33 85
33 93
33 96
34 3
34 34
34 56
34 61
34 76
35 21
35 26
35 75
35 87
35 96
36 0
36 7
36 22
36 41
37 7
37 51
37 53
37 64
37 75
37 91
38 46
38 55
38 61
38 84
38 88
39 3
39 4
39 14
39 40
39 72
40 32
40 98
41 8
41 38
41 39
41 48
41 54
41 55
41 93
42 3
42 59
42 61
42 96
43 13
43 67
44 0
44 5
44 13
44 33
44 62
44 76
44 83
44 87
45 10
45 12
45 32
45 42
45 43
45 65
45 79
45 90
46 8
46 14
46 15
46 59
46 94
47 47
47 50
47 85
47 97
47 99
48 26
48 79
49 3
49 25
49 29
49 44
49 74
49 91
50 27
50 47
50 66
50 67
50 77
51 41
51 57
51 65
51 73
52 24
52 78
53 31
53 71
53 94
54 64
54 66
54 93
55 46
55 89
56 24
56 38
56 54
56 86
56 94
57 41
57 53
57 80
57 97
58 12
58 29
58 38
58 41
58 56
58 74
58 79
58 97
59 25
59 81
60 48
60 51
60 57
60 58
60 72
60 80
61 45
61 49
61 64
61 73
62 52
62 62
62 96
63 5
63 29
64 57
64 61
64 71
64 74
64 99
65 9
65 14
65 19
65 31
65 41
65 45
65 49
65 73
66 1
66 37
66 71
66 78
66 79
66 81
66 97
67 5
67 76
67 85
68 8
68 23
68 29
68 75
69 4
69 33
69 34
69 50
69 66
70 3
70 14
70 21
70 22
70 28
70 42
70 70
70 71
70 94
71 3
71 11
71 19
71 23
71 35
71 51
71 75
71 93
71 99
72 10
72 12
72 18
72 48
72 53
72 67
72 83
72 88
72 91
72 95
72 96
73 1
73 6
73 9
73 12
73 22
73 62
73 67
73 87
73 92
73 98
74 27
74 29
74 52
74 54
74 56
75 13
75 41
75 67
75 70
75 86
75 87
75 91
76 18
76 26
76 81
77 34
77 39
77 54
77 56
77 78
77 84
78 8
78 9
78 49
78 59
78 60
79 16
79 41
79 68
79 75
79 91
80 42
80 89
80 94
81 21
81 27
81 54
81 75
81 93
82 13
82 57
83 6
83 10
83 91
84 1
84 49
84 50
85 16
85 26
85 56
85 59
85 84
86 16
86 48
86 62
86 65
86 73
86 81
86 87
86 89
86 91
86 93
87 9
87 21
87 58
87 62
88 30
88 44
88 66
89 35
89 43
89 44
90 13
90 32
90 43
90 50
90 73
91 21
91 28
91 32
91 36
91 40
91 59
91 87
91 95
92 21
92 29
92 42
92 44
92 62
92 76
92 84
93 2
93 31
93 34
93 61
93 73
93 74
93 78
93 95
93 96
94 11
94 40
94 51
94 53
94 77
94 91
95 20
95 30
95 31
95 78
96 35
96 47
96 69
96 84
96 87
96 99
97 22
97 32
97 36
97 45
98 17
98 36
98 49
98 54
98 78
98 84
99 6
99 16
99 58
0 0
